5.507971
8.775412
7.700098
6.963572
3.554928
3.554653
2.169049
8.376173
6.977845
7.573234
1.291257
8.863560
8.211447
4.147224
3.837685
3.854318
4.964234
6.519607
5.915027
4.856909
7.039892
3.361399
4.864537
5.447505
6.077966
7.974914
4.021639
6.453913
6.927162
1.939712
7.015065
3.716511
2.295469
8.766968
8.843992
8.091983
4.967264
2.812728
7.444654
5.970959
3.144057
6.333193
1.668973
8.582246
4.578338
7.325592
5.024798
6.490417
6.654587
3.869523
8.862074
7.923747
8.723498
8.513578
6.959159
8.641285
2.677292
3.984296
1.914004
5.133396
5.610959
4.688206
8.193152
5.375595
4.770293
6.630112
3.378589
8.060890
2.457357
8.940796
7.908971
4.011978
0.668799
8.127261
7.566733
7.684372
7.903980
2.449003
5.388481
3.063559
8.361302
7.105431
5.177136
2.268970
5.018921
5.132236
7.687529
7.186248
8.477277
6.184611
3.112416
7.600844
7.850069
6.742659
7.902426
6.324353
6.507024
5.884796
1.434904
2.956215
1.595545
7.179780
5.046071
6.418273
8.573965
4.493626
5.765502
7.823020
4.304957
2.497073
4.844571
3.613713
8.677875
8.090596
7.162800
8.401685
8.068298
3.887438
8.502781
6.609593
8.087191
8.519589
5.075262
2.985667
4.296830
5.881814
8.139975
8.349801
0.750415
6.431993
5.814662
4.241548
3.115942
5.229420
8.739318
5.116585
6.482441
7.546160
5.427154
8.872111
8.829396
4.516012
6.346426
4.936714
4.803341
1.728538
7.026714
6.380987
2.042004
4.750828
8.577269
4.405055
3.425855
6.296481
8.935194
4.427920
7.378549
7.854374
4.387327
7.680203
5.458061
7.156589
7.163512
6.587697
2.704343
8.225540
5.097370
3.886901
1.817357
6.918261
7.408287
1.159144
6.440461
4.283242
7.229038
3.758149
7.481040
5.596924
8.710633
3.337543
5.256080
3.031725
8.654489
8.429976
4.570916
7.311546
8.136031
6.706062
6.549939
4.426063
2.746147
8.524933
8.540132
7.161091
5.240364
5.318456
7.668273
8.524431
8.476674
7.947951
7.211419
2.610620
3.618277
8.531289
7.008620
0.863111
2.866914
7.331006
0.640303
3.609079
6.666891
7.486221
7.266971
4.262137
7.595164
4.383740
5.133943
7.775976
7.253983
8.293799
7.298400
6.784762
2.754570
5.457562
4.634802
4.445578
8.877717
5.642776
8.500339
7.149981
8.023697
6.380721
6.835877
6.316164
3.976768
7.649746
4.768916
1.403422
7.230716
3.787607
8.727952
8.790234
8.608369
5.475660
1.118922
8.671436
5.889220
8.848674
8.834773
8.312266
4.883683
5.585062
8.303136
5.066624
3.705255
6.715721
8.707958
7.508556
6.795216
2.805583
7.058016
8.955130
3.368502
6.479560
8.430138
7.746112
7.513872
7.543289
5.396182
4.876570
8.096805
8.100567
8.380505
8.600726
6.435739
6.373603
8.041263
7.255831
7.540512
8.028649
8.490608
5.232362
5.515634
2.759083
6.844026
1.706260
6.141127
6.629798
4.817659
6.917911
1.571789
1.739311
8.162760
5.401430
3.208099
6.503976
7.897435
4.181089
7.103107
2.629286
2.046025
6.560467
6.617510
7.185529
7.668989
8.890670
6.466864
5.114633
8.025589
4.683739
5.962943
2.520906
1.432973
8.830318
8.228875
7.508256
5.755449
3.746577
3.559691
4.502186
6.669885
7.608040
7.312728
4.761790
8.794549
7.731083
6.700946
7.039132
5.829889
4.479532
5.369710
7.834892
1.079756
3.066249
1.930340
1.816324
8.324200
7.549589
6.197425
2.815061
6.310379
6.192836
3.745578
5.928067
5.681451
7.062851
7.172349
1.915626
5.508504
7.120018
6.383889
8.329206
7.304395
3.632862
2.390830
7.213596
1.465406
6.888238
8.726892
6.827401
5.607296
7.218473
6.092494
6.647929
8.732620
5.592344
8.823629
8.563492
3.982346
2.370288
2.857100
1.214894
2.765842
7.437980
2.401308
5.083013
8.272539
1.372963
8.122312
4.778100
3.093760
7.512370
7.137533
8.430613
7.716266
8.067339
4.779623
3.791122
7.797422
8.084158
8.957171
5.781179
5.489396
7.930287
5.254054
8.682819
8.338551
5.894787
7.798754
7.817798
2.890161
8.550251
6.397300
8.181874
5.091563
8.516888
5.614743
0.936936
8.563641
2.719232
5.085706
8.772401
8.774918
6.815311
7.153937
6.026947
4.873405
5.159635
7.380650
7.806557
8.007366
7.997441
2.718031
6.328352
2.159227
6.671719
5.980299
8.479625
5.331427
3.079355
3.403282
7.853812
7.076416
2.861981
2.610106
7.535151
2.427716
8.159085
7.563440
2.566954
2.621422
8.939676
5.505991
5.479235
8.113986
8.759403
8.936783
7.811762
5.520600
2.600684
7.934034
6.725381
5.861909
8.568238
3.001166
6.316853
0.958981
6.161291
2.135548
3.102298
3.085389
7.251623
7.773650
6.874072
8.828136
5.510401
4.810684
8.387880
4.255733
8.832951
0.992226
8.863418
1.869747
8.496034
6.537873
8.968286
2.444897
6.697925
8.860785
6.509295
7.140118
7.507040
6.067769
7.129671
6.879641
8.543641
1.918634
4.770536
8.774014
8.491841
6.075212
7.087365
4.740029
3.903564
6.128586
5.349909
6.875765
2.509284
8.884029
8.937733
7.520046
6.589674
5.007169
8.118953
7.447364
3.629321
8.589825
8.162446
8.771191
7.667026
7.048874
5.820454
8.692008
8.375630
1.913821
1.461412
5.522095
8.102766
8.942559
3.490525
6.937189
5.554472
8.863581
8.259033
8.240426
6.161505
5.796583
4.705951
2.136917
8.369140
8.114492
8.998729
8.984853
6.707456
7.892273
8.747915
8.295869
4.476069
6.041033
3.234488
8.790798
7.007150
4.303495
7.376161
7.075902
5.386203
3.032848
7.375461
6.491912
7.909348
6.491013
8.308231
6.686139
6.740621
8.426680
5.716827
3.294728
1.526891
7.820877
7.088376
7.551852
4.153324
3.323566
1.085411
5.328939
6.912549
5.636645
5.952770
8.557853
5.311186
6.452375
7.967176
5.667448
7.098523
8.357719
8.769901
3.451514
8.663348
6.313590
4.573598
6.098360
8.909694
6.316808
5.160318
7.162784
4.410419
2.478897
3.230984
3.220514
3.507723
3.353357
7.204919
3.838266
5.291413
8.522902
6.196038
7.353379
3.736029
3.946569
1.819439
3.699154
4.750349
3.786535
2.680467
3.125941
6.109262
4.088157
5.431930
6.385671
7.478100
1.784456
8.046878
7.131615
2.573418
8.411889
8.636589
2.224256
4.735725
8.080984
7.785180
3.866032
4.117924
5.477978
6.264692
7.076626
5.466444
6.120891
7.781076
1.723757
4.521879
7.601402
8.515383
6.437847
6.565150
2.946342
6.020000
6.568257
4.431716
4.669979
5.528112
1.275056
5.107682
4.138513
5.150465
3.114600
8.493098
6.934046
7.416690
7.995178
6.354040
2.653402
6.595880
6.894500
7.770495
5.913072
3.214655
4.794356
5.423068
7.233208
6.799488
5.370646
8.939113
7.004838
4.383534
2.871303
3.518748
4.463471
3.607657
3.887406
4.805487
3.747434
8.522793
2.549301
6.518084
5.765600
8.920351
3.012499
5.676822
8.861552
8.372937
8.135284
4.570572
3.720470
7.359355
8.676373
6.715489
6.804456
4.762175
7.894867
3.892370
5.120353
5.870294
6.412210
4.431161
3.049882
7.032796
4.835191
6.861508
3.536012
6.242784
6.568085
2.048831
5.221585
3.299635
2.265695
8.954707
5.109859
8.099372
4.541574
7.429786
7.847194
6.945987
6.180426
5.775735
5.315856
8.677088
8.202449
8.841220
3.173023
7.694171
8.718118
3.831433
2.320818
7.747953
6.821460
8.257610
3.364753
8.025999
4.041264
3.640897
3.647675
8.122841
7.340366
6.509094
5.391221
8.429309
5.638090
8.132930
5.964053
5.525622
6.121851
4.940810
7.781797
6.381250
4.336961
8.536131
5.576306
6.635343
8.568795
7.110786
3.077132
8.725045
7.130523
5.208393
3.358726
8.019728
7.087023
6.573458
8.509130
7.992270
3.505091
5.024887
4.486382
7.762709
1.648068
6.794193
7.858699
8.427219
5.263898
8.156092
2.993521
8.280256
3.213500
5.672766
8.036226
3.484725
4.309218
7.648690
7.636947
7.206453
7.497321
6.630285
4.516163
5.291633
3.835286
8.578141
6.874208
5.698155
6.117391
8.759563
3.524410
6.890908
6.401327
7.037599
1.211167
8.404882
8.689165
6.765781
7.511905
8.644215
7.568773
3.515062
6.832229
7.010272
5.861278
7.723470
8.699640
8.658582
6.043012
3.028578
8.931525
8.243224
3.177684
8.636446
8.394141
6.482737
6.920499
5.684999
2.106108
5.210660
8.064188
0.612531
5.197445
5.679055
6.597654
8.631819
5.296605
5.301246
7.729010
6.052244
4.265324
6.053726
3.377783
3.779861
6.353565
5.825201
8.608282
5.417924
6.857671
7.156354
1.029879
7.331202
3.797488
8.823077
3.470113
5.795218
2.629320
8.985923
6.377915
6.944508
2.330921
7.794023
4.123391
8.528915
4.076311
3.930102
1.720617
6.183642
6.764032
2.307033
7.925764
6.059406
6.517332
5.975097
5.697526
6.732820
3.546048
3.838773
8.354917
8.754162
5.498914
4.682982
7.222462
5.753909
1.433979
3.556453
7.615363
7.305672
1.481477
4.240253
4.326322
7.377216
1.263548
2.903928
8.049423
3.802909
7.271343
4.392358
2.838090
4.438124
7.648766
8.325348
8.200476
5.672025
7.356283
4.074767
4.872881
8.520751
1.026234
2.631766
4.103509
1.465984
3.833571
6.872144
5.842550
8.503318
8.137133
5.261863
4.584026
5.545727
6.914759
4.659738
7.110279
5.758676
6.686989
5.943589
4.883823
8.764971
7.864609
3.368853
8.387247
6.283465
8.512269
8.049116
5.868756
1.349079
4.665069
6.623622
7.163221
4.570438
3.359738
8.223707
8.929534
6.525405
3.729078
4.696477
1.220510
8.605708
3.088339
6.833581
4.711526
6.699882
7.263956
8.198115
4.089025
0.943749
3.329825
8.538238
8.413388
6.956325
6.974372
7.339480
3.768962
8.606240
5.824123
5.570837
6.483235
1.950447
3.670007
7.731799
2.589728
6.989658
4.457945
5.615420
4.835720
5.367447
7.631692
4.905799
6.773387
6.209677
7.331941
8.711097
7.703138
4.172550
1.589287
4.609055
6.942716
2.040953
6.340794
6.953004
5.203245
7.902145
2.938445
2.467014
7.680058
6.335203
7.467302
5.934730
4.467501
8.145384
8.046905
7.501361
4.695078
6.914382
5.407299
2.723628
8.619884
3.329010
8.773211
6.010530
3.872437
6.625253
8.408841
7.701313
8.082787
7.304892
7.488284
8.293663
4.497011
6.296302
4.232962
8.944334
8.744644
1.787057
7.559867
8.657085
3.824474
6.782593
8.611304
1.658199
7.516052
4.907675
8.653097
8.868806
8.745604
6.197689
8.356163
8.270943
5.084008
8.194032
1.731363
6.949666
4.316331
3.125047
2.496640
7.509953
5.246892
7.661991
2.300840
5.053565
6.610506
8.003035
5.081235
7.120197
8.471375
7.062926
4.343929
1.405867
8.395118
1.312563
8.417294
6.545526
8.721495
8.043721
8.990699
5.329883
7.883036
5.705822
6.234575
7.129372
8.412363
8.928088
7.888609
5.817139
5.842082
7.729435
4.397835
2.991388
5.359514
4.823521
4.899077
4.349969
1.846496
1.203241
8.944580
5.886393
5.579468
7.419665
4.204589
8.771936
7.980849
2.691151
5.815844
8.438518
8.747759
6.153009
7.048853
3.678281
8.960171
4.331906
8.738494
7.254059
7.016173
6.444204
4.322529
3.781372
4.226036
3.886065
7.946467
5.325424
2.164545
8.859871
8.460890
8.668791
8.977056
3.753067
5.665298
7.836920
7.508507
3.530661
8.129113
4.263764
4.257843
6.595068
6.930233
6.854705
2.722211
8.430559
4.638276
3.238936
8.484609
8.798169
8.356574
8.097580
7.285232
6.679779
2.654417
5.751931
5.494340
4.586944
7.654870
6.337660
2.562176
4.223131
7.439352
2.483264
8.303479
6.332998
6.239192
6.927123
8.173075
5.307782
7.410756
6.769364
4.650730
8.436174
8.036884
7.303054
8.300429
8.381577
7.574787
8.233959
7.516328
7.422358
7.078667
7.808332
3.584273
8.446924
8.403531
1.539165
8.178701
3.230860
5.210051
7.760423
3.608539
8.139738
8.209925
6.411309
0.719205
4.821835
7.069023
8.914936
7.153803
4.587384
7.166203
6.613533
7.947797
2.943711
7.851322
6.621374
8.831894
5.262285
7.158378
8.688744
2.881543
8.712951
7.464499
2.344099
4.937413
7.573767
2.335679
6.867009
5.293064
7.091837
1.924865
8.402052
8.879899
8.858843
7.792419
3.246072
7.837048
1.411219
1.338659
5.119807
6.291272
7.899557
7.439551
6.009835
4.707840
8.987051
5.875431
6.046681
3.640540
8.023688
7.495883
4.228751
2.583189
7.424314
7.281168
4.704681
8.776101
3.497955
5.917695
8.742591
5.830773
7.191704
5.674958
4.712901
8.927608
5.758129
8.510114
4.315822
4.154694
1.588037
7.265330
5.463573
8.367378
6.191123
8.855714
3.876541
8.387996
7.931226
7.902194
8.272088
7.851302
7.122068
3.260496
1.623151
8.636474
7.067438
8.032404
6.245263
3.082525
3.184344
7.451898
5.903793
4.030199
6.310242
2.280553
6.865835
4.667812
8.037555
5.013913
6.072300
0.970187
2.422436
5.638438
6.234986
6.971489
4.860521
7.502902
8.346851
7.947825
1.791403
6.238675
2.915364
4.427826
8.939780
3.397372
6.356881
7.076059
7.543187
6.732870
0.889628
5.142311
6.475696
2.667806
5.329238
1.639955
2.522867
5.670166
3.278716
6.780178
7.473062
8.052796
4.026434
3.683217
2.910326
7.179892
7.564690
1.599524
8.708226
2.051749
6.621556
7.578516
8.399315
7.605330
8.058534
5.243612
8.124090
2.547411
8.513527
6.659954
8.136407
6.052915
7.220096
6.529825
7.697971
2.571387
2.211000
4.473853
3.594874
8.403242
4.213826
8.890730
5.223845
3.840775
7.997848
7.304473
6.352468
6.707045
7.632519
4.301725
8.983487
8.885845
7.257850
4.020316
7.422836
2.418279
1.575707
4.568623
6.121475
8.386303
7.674679
7.756238
5.870687
5.293461
5.482166
8.944250
1.802455
8.380307
6.846365
5.960524
7.664585
6.278550
8.411140
8.541478
5.844604
4.735298
6.926787
8.596594
4.130816
7.103541
7.152369
7.705982
3.264503
7.614580
8.580888
3.815014
4.386457
8.870344
3.828725
8.318966
6.314626
4.475010
8.398258
6.005808
6.457570
5.394247
6.930297
3.639428
5.628286
8.861286
4.572615
7.293536
5.132289
7.915259
3.255882
8.863154
6.062751
4.372652
2.439926
3.708152
6.488581
5.224678
8.193873
5.907782
4.488414
7.070272
7.566304
3.678368
3.684719
1.723481
7.723248
7.332678
6.200411
8.269087
8.078322
6.885761
8.386297
4.083275
3.010895
4.674368
2.150357
6.559324
8.710055
1.785169
3.144981
6.052117
8.697349
5.060498
6.409838
1.835048
3.466381
8.939633
8.841641
0.632565
8.780476
7.195048
8.384592
6.069096
6.462451
6.292581
7.349558
3.363295
1.558159
4.994229
7.555074
4.043529
7.385664
8.863570
2.757890
7.381109
5.995312
8.385674
3.788025
7.490174
8.239377
8.747214
7.439294
6.345956
7.074293
8.389357
6.798484
1.568870
8.683711
7.473397
7.402539
4.179676
7.305458
5.648276
7.262911
2.938373
7.299690
8.997361
1.976152
8.896691
5.741040
8.398275
7.960730
6.777043
7.733976
8.435624
5.721483
5.146813
7.353575
8.089223
7.857805
8.038837
5.939886
8.139077
3.120406
6.641055
0.682973
5.127519
5.448246
5.664803
7.505521
5.610099
6.028614
4.386465
5.498490
4.290552
2.434927
6.991376
7.356986
7.083694
6.127236
5.546409
8.362417
6.484260
6.230067
1.441183
5.257478
5.549400
5.683718
6.855214
6.574329
7.017144
7.871184
8.114915
7.626793
8.797580
1.215253
3.982213
0.782683
7.241923
8.528803
4.440953
8.665437
2.209448
8.699961
5.336800
2.866197
6.273405
4.560581
4.803614
4.989037
8.065054
6.608484
5.021546
7.031148
7.616312
4.699207
5.787701
3.142097
3.830548
7.427688
3.833602
6.522134
7.578440
2.942283
6.778812
4.558682
8.831595
6.258370
8.079938
6.675953
1.875211
7.161373
8.778592
6.980728
8.145815
8.462903
4.298193
4.144349
7.034875
5.770035
8.247955
8.538259
5.350433
4.380241
7.951262
4.717975
8.162828
5.858566
7.353335
2.781791
7.108629
6.049230
6.893133
3.689058
7.725722
8.359818
4.189979
2.784399
1.383736
7.211081
7.012462
6.654509
4.334480
5.627023
6.939206
6.343352
8.944866
3.324398
7.503780
5.722746
5.889327
7.624003
7.489147
8.960566
3.224893
2.903942
7.659729
6.844658
4.712432
2.536330
2.634069
8.510550
3.942240
5.117919
4.284760
5.362341
2.371356
6.484122
2.340217
8.051638
4.350940
6.613695
8.443128
7.260927
6.570356
5.125528
5.193569
7.363996
8.973588
7.321815
6.721641
7.693029
6.138538
2.207154
6.748781
8.807250
3.768227
7.475988
4.034306
6.588023
2.798355
6.039871
7.826189
5.305968
7.338791
8.026920
8.666107
4.359588
5.687230
3.513644
8.966112
8.665280
6.613360
8.258613
6.495968
7.107070
2.686834
7.821567
3.216332
8.179944
7.958912
7.576828
1.711429
4.955138
4.616505
5.401023
2.664407
8.711692
6.697610
4.974683
5.670582
6.018588
6.974822
6.462974
8.629644
6.344607
8.964642
8.304542
4.109666
8.682063
3.070127
8.137163
5.552521
8.433026
8.385260
8.079601
7.999529
4.967797
2.560168
5.713265
3.749065
7.502735
5.294722
8.889568
7.205466
8.162164
3.276354
8.356026
8.645423
6.281084
7.007602
7.870806
3.763234
6.380271
5.682579
3.443297
5.456216
2.349884
1.445948
3.308847
8.832459
6.671723
8.844863
5.918811
5.025645
6.402928
5.966611
2.925549
7.204647
4.183192
7.084252
7.257154
3.509133
2.229197
7.952464
6.102773
2.170545
8.976869
2.163383
7.503190
8.926253
4.401544
3.394436
3.135631
4.956338
2.860893
7.487661
2.246249
6.423643
8.985124
8.119827
7.059233
4.980617
7.108837
6.533786
5.874756
3.253850
8.474370
6.035939
3.970444
5.457885
5.791762
8.187220
7.708616
7.893902
0.945268
5.805900
6.244107
1.246826
4.587469
7.847514
3.332549
6.584840
4.175087
0.990850
4.420104
8.890769
8.057574
8.816218
6.286189
2.981381
6.662186
6.066677
8.270001
2.818632
6.288683
3.486250
5.128231
7.728255
6.209466
5.517876
5.652661
6.100425
7.974104
8.500521
8.796710
7.983682
5.054499
7.465850
5.953642
4.541841
8.252915
1.764238
8.546503
6.113892
7.184241
7.308055
8.514960
7.181243
7.051852
2.323535
6.480050
3.487648
7.728657
6.441271
7.422833
1.837255
2.620716
7.617230
2.416367
2.402456
0.990347
8.802080
7.729048
5.349146
4.900957
5.322214
7.921296
7.319223
3.873092
3.755377
2.823127
7.313311
7.868557
4.633439
1.302514
2.579904
8.854189
4.891935
7.893483
7.113209
5.562114
4.081748
3.135650
7.058049
7.921195
7.221928
6.553966
1.843380
8.857064
8.043373
4.870173
8.909411
6.982293
6.868496
7.784210
8.108844
7.292103
3.221142
5.234469
8.670339
4.265427
5.490494
5.915930
5.965887
7.046141
8.740088
4.415440
3.137134
3.999389
8.475902
7.232612
4.812323
8.129680
8.352902
8.280559
8.627459
4.520124
7.820383
6.107675
8.258443
7.681650
7.930463
7.290344
3.791007
6.644334
8.930747
8.713692
1.870046
3.653765
3.266501
7.668401
8.138834
4.158656
6.401099
8.252087
7.704345
6.627308
6.915068
6.416947
4.909320
6.765115
7.469920
8.410657
7.179109
7.851805
3.600806
6.114422
0.869403
4.470010
7.670945
8.963069
2.834330
5.702722
8.050202
4.065327
6.705362
7.705762
7.063627
3.902564
5.365273
7.967881
6.700175
0.650845
7.851131
1.691218
7.772029
4.049806
8.809311
5.459231
5.146014
3.472741
4.975333
8.426667
8.983489
5.461966
6.028056
7.647728
8.472417
6.930843
5.631481
5.781208
7.506335
0.510568
7.084260
5.366091
8.020597
2.744493
6.902491
6.241699
7.213069
2.291973
6.854100
6.743905
6.738952
6.991602
7.402290
8.074906
4.674984
8.174901
6.352851
2.498344
2.177757
5.203201
7.973497
7.571140
7.992360
6.472928
5.971274
3.455959
5.155930
5.929213
2.678924
4.227241
6.961052
7.719373
8.992561
8.693801
7.214415
5.841326
7.178465
7.977329
3.096002
5.762143
8.247665
5.575883
6.806001
6.899951
3.865563
5.416740
5.205326
1.456686
1.399833
8.207768
4.703056
6.477992
4.919021
8.728976
4.582907
5.899339
8.407803
8.258124
3.882553
8.063133
6.092055
6.254637
3.288142
2.555137
7.678742
6.341400
5.948521
7.687013
7.874423
3.587696
7.030522
3.311145
7.801371
7.294749
8.802601
2.363387
2.149752
4.780916
