1 8.775412
2 7.700098
3 6.963572
4 3.554928
5 3.554653
6 2.169049
7 8.376173
8 6.977845
9 7.573234
10 1.291257
11 8.863560
12 8.211447
13 4.147224
14 3.837685
15 3.854318
16 4.964234
17 6.519607
18 5.915027
19 4.856909
20 7.039892
21 3.361399
22 4.864537
23 5.447505
24 6.077966
25 7.974914
26 4.021639
27 6.453913
28 6.927162
29 1.939712
30 7.015065
31 3.716511
32 2.295469
33 8.766968
34 8.843992
35 8.091983
36 4.967264
37 2.812728
38 7.444654
39 5.970959
40 3.144057
41 6.333193
42 1.668973
43 8.582246
44 4.578338
45 7.325592
46 5.024798
47 6.490417
48 6.654587
49 3.869523
50 8.862074
51 7.923747
52 8.723498
53 8.513578
54 6.959159
55 8.641285
56 2.677292
57 3.984296
58 1.914004
59 5.133396
60 5.610959
61 4.688206
62 8.193152
63 5.375595
64 4.770293
65 6.630112
66 3.378589
67 8.060890
68 2.457357
69 8.940796
70 7.908971
71 4.011978
72 0.668799
73 8.127261
74 7.566733
75 7.684372
76 7.903980
77 2.449003
78 5.388481
79 3.063559
80 8.361302
81 7.105431
82 5.177136
83 2.268970
84 5.018921
85 5.132236
86 7.687529
87 7.186248
88 8.477277
89 6.184611
90 3.112416
91 7.600844
92 7.850069
93 6.742659
94 7.902426
95 6.324353
96 6.507024
97 5.884796
98 1.434904
99 2.956215
100 1.595545
101 7.179780
102 5.046071
103 6.418273
104 8.573965
105 4.493626
106 5.765502
107 7.823020
108 4.304957
109 2.497073
110 4.844571
111 3.613713
112 8.677875
113 8.090596
114 7.162800
115 8.401685
116 8.068298
117 3.887438
118 8.502781
119 6.609593
120 8.087191
121 8.519589
122 5.075262
123 2.985667
124 4.296830
125 5.881814
126 8.139975
127 8.349801
128 0.750415
129 6.431993
130 5.814662
131 4.241548
132 3.115942
133 5.229420
134 8.739318
135 5.116585
136 6.482441
137 7.546160
138 5.427154
139 8.872111
140 8.829396
141 4.516012
142 6.346426
143 4.936714
144 4.803341
145 1.728538
146 7.026714
147 6.380987
148 2.042004
149 4.750828
150 8.577269
151 4.405055
152 3.425855
153 6.296481
154 8.935194
155 4.427920
156 7.378549
157 7.854374
158 4.387327
159 7.680203
160 5.458061
161 7.156589
162 7.163512
163 6.587697
164 2.704343
165 8.225540
166 5.097370
167 3.886901
168 1.817357
169 6.918261
170 7.408287
171 1.159144
172 6.440461
173 4.283242
174 7.229038
175 3.758149
176 7.481040
177 5.596924
178 8.710633
179 3.337543
180 5.256080
181 3.031725
182 8.654489
183 8.429976
184 4.570916
185 7.311546
186 8.136031
187 6.706062
188 6.549939
189 4.426063
190 2.746147
191 8.524933
192 8.540132
193 7.161091
194 5.240364
195 5.318456
196 7.668273
197 8.524431
198 8.476674
199 7.947951
200 7.211419
201 2.610620
202 3.618277
203 8.531289
204 7.008620
205 0.863111
206 2.866914
207 7.331006
208 0.640303
209 3.609079
210 6.666891
211 7.486221
212 7.266971
213 4.262137
214 7.595164
215 4.383740
216 5.133943
217 7.775976
218 7.253983
219 8.293799
220 7.298400
221 6.784762
222 2.754570
223 5.457562
224 4.634802
225 4.445578
226 8.877717
227 5.642776
228 8.500339
229 7.149981
230 8.023697
231 6.380721
232 6.835877
233 6.316164
234 3.976768
235 7.649746
236 4.768916
237 1.403422
238 7.230716
239 3.787607
240 8.727952
241 8.790234
242 8.608369
243 5.475660
244 1.118922
245 8.671436
246 5.889220
247 8.848674
248 8.834773
249 8.312266
250 4.883683
251 5.585062
252 8.303136
253 5.066624
254 3.705255
255 6.715721
256 8.707958
257 7.508556
258 6.795216
259 2.805583
260 7.058016
261 8.955130
262 3.368502
263 6.479560
264 8.430138
265 7.746112
266 7.513872
267 7.543289
268 5.396182
269 4.876570
270 8.096805
271 8.100567
272 8.380505
273 8.600726
274 6.435739
275 6.373603
276 8.041263
277 7.255831
278 7.540512
279 8.028649
280 8.490608
281 5.232362
282 5.515634
283 2.759083
284 6.844026
285 1.706260
286 6.141127
287 6.629798
288 4.817659
289 6.917911
290 1.571789
291 1.739311
292 8.162760
293 5.401430
294 3.208099
295 6.503976
296 7.897435
297 4.181089
298 7.103107
299 2.629286
300 2.046025
301 6.560467
302 6.617510
303 7.185529
304 7.668989
305 8.890670
306 6.466864
307 5.114633
308 8.025589
309 4.683739
310 5.962943
311 2.520906
312 1.432973
313 8.830318
314 8.228875
315 7.508256
316 5.755449
317 3.746577
318 3.559691
319 4.502186
320 6.669885
321 7.608040
322 7.312728
323 4.761790
324 8.794549
325 7.731083
326 6.700946
327 7.039132
328 5.829889
329 4.479532
330 5.369710
331 7.834892
332 1.079756
333 3.066249
334 1.930340
335 1.816324
336 8.324200
337 7.549589
338 6.197425
339 2.815061
340 6.310379
341 6.192836
342 3.745578
343 5.928067
344 5.681451
345 7.062851
346 7.172349
347 1.915626
348 5.508504
349 7.120018
350 6.383889
351 8.329206
352 7.304395
353 3.632862
354 2.390830
355 7.213596
356 1.465406
357 6.888238
358 8.726892
359 6.827401
360 5.607296
361 7.218473
362 6.092494
363 6.647929
364 8.732620
365 5.592344
366 8.823629
367 8.563492
368 3.982346
369 2.370288
370 2.857100
371 1.214894
372 2.765842
373 7.437980
374 2.401308
375 5.083013
376 8.272539
377 1.372963
378 8.122312
379 4.778100
380 3.093760
381 7.512370
382 7.137533
383 8.430613
384 7.716266
385 8.067339
386 4.779623
387 3.791122
388 7.797422
389 8.084158
390 8.957171
391 5.781179
392 5.489396
393 7.930287
394 5.254054
395 8.682819
396 8.338551
397 5.894787
398 7.798754
399 7.817798
400 2.890161
401 8.550251
402 6.397300
403 8.181874
404 5.091563
405 8.516888
406 5.614743
407 0.936936
408 8.563641
409 2.719232
410 5.085706
411 8.772401
412 8.774918
413 6.815311
414 7.153937
415 6.026947
416 4.873405
417 5.159635
418 7.380650
419 7.806557
420 8.007366
421 7.997441
422 2.718031
423 6.328352
424 2.159227
425 6.671719
426 5.980299
427 8.479625
428 5.331427
429 3.079355
430 3.403282
431 7.853812
432 7.076416
433 2.861981
434 2.610106
435 7.535151
436 2.427716
437 8.159085
438 7.563440
439 2.566954
440 2.621422
441 8.939676
442 5.505991
443 5.479235
444 8.113986
445 8.759403
446 8.936783
447 7.811762
448 5.520600
449 2.600684
450 7.934034
451 6.725381
452 5.861909
453 8.568238
454 3.001166
455 6.316853
456 0.958981
457 6.161291
458 2.135548
459 3.102298
460 3.085389
461 7.251623
462 7.773650
463 6.874072
464 8.828136
465 5.510401
466 4.810684
467 8.387880
468 4.255733
469 8.832951
470 0.992226
471 8.863418
472 1.869747
473 8.496034
474 6.537873
475 8.968286
476 2.444897
477 6.697925
478 8.860785
479 6.509295
480 7.140118
481 7.507040
482 6.067769
483 7.129671
484 6.879641
485 8.543641
486 1.918634
487 4.770536
488 8.774014
489 8.491841
490 6.075212
491 7.087365
492 4.740029
493 3.903564
494 6.128586
495 5.349909
496 6.875765
497 2.509284
498 8.884029
499 8.937733
500 7.520046
501 6.589674
502 5.007169
503 8.118953
504 7.447364
505 3.629321
506 8.589825
507 8.162446
508 8.771191
509 7.667026
510 7.048874
511 5.820454
512 8.692008
513 8.375630
514 1.913821
515 1.461412
516 5.522095
517 8.102766
518 8.942559
519 3.490525
520 6.937189
521 5.554472
522 8.863581
523 8.259033
524 8.240426
525 6.161505
526 5.796583
527 4.705951
528 2.136917
529 8.369140
530 8.114492
531 8.998729
532 8.984853
533 6.707456
534 7.892273
535 8.747915
536 8.295869
537 4.476069
538 6.041033
539 3.234488
540 8.790798
541 7.007150
542 4.303495
543 7.376161
544 7.075902
545 5.386203
546 3.032848
547 7.375461
548 6.491912
549 7.909348
550 6.491013
551 8.308231
552 6.686139
553 6.740621
554 8.426680
555 5.716827
556 3.294728
557 1.526891
558 7.820877
559 7.088376
560 7.551852
561 4.153324
562 3.323566
563 1.085411
564 5.328939
565 6.912549
566 5.636645
567 5.952770
568 8.557853
569 5.311186
570 6.452375
571 7.967176
572 5.667448
573 7.098523
574 8.357719
575 8.769901
576 3.451514
577 8.663348
578 6.313590
579 4.573598
580 6.098360
581 8.909694
582 6.316808
583 5.160318
584 7.162784
585 4.410419
586 2.478897
587 3.230984
588 3.220514
589 3.507723
590 3.353357
591 7.204919
592 3.838266
593 5.291413
594 8.522902
595 6.196038
596 7.353379
597 3.736029
598 3.946569
599 1.819439
600 3.699154
601 4.750349
602 3.786535
603 2.680467
604 3.125941
605 6.109262
606 4.088157
607 5.431930
608 6.385671
609 7.478100
610 1.784456
611 8.046878
612 7.131615
613 2.573418
614 8.411889
615 8.636589
616 2.224256
617 4.735725
618 8.080984
619 7.785180
620 3.866032
621 4.117924
622 5.477978
623 6.264692
624 7.076626
625 5.466444
626 6.120891
627 7.781076
628 1.723757
629 4.521879
630 7.601402
631 8.515383
632 6.437847
633 6.565150
634 2.946342
635 6.020000
636 6.568257
637 4.431716
638 4.669979
639 5.528112
640 1.275056
641 5.107682
642 4.138513
643 5.150465
644 3.114600
645 8.493098
646 6.934046
647 7.416690
648 7.995178
649 6.354040
650 2.653402
651 6.595880
652 6.894500
653 7.770495
654 5.913072
655 3.214655
656 4.794356
657 5.423068
658 7.233208
659 6.799488
660 5.370646
661 8.939113
662 7.004838
663 4.383534
664 2.871303
665 3.518748
666 4.463471
667 3.607657
668 3.887406
669 4.805487
670 3.747434
671 8.522793
672 2.549301
673 6.518084
674 5.765600
675 8.920351
676 3.012499
677 5.676822
678 8.861552
679 8.372937
680 8.135284
681 4.570572
682 3.720470
683 7.359355
684 8.676373
685 6.715489
686 6.804456
687 4.762175
688 7.894867
689 3.892370
690 5.120353
691 5.870294
692 6.412210
693 4.431161
694 3.049882
695 7.032796
696 4.835191
697 6.861508
698 3.536012
699 6.242784
700 6.568085
701 2.048831
702 5.221585
703 3.299635
704 2.265695
705 8.954707
706 5.109859
707 8.099372
708 4.541574
709 7.429786
710 7.847194
711 6.945987
712 6.180426
713 5.775735
714 5.315856
715 8.677088
716 8.202449
717 8.841220
718 3.173023
719 7.694171
720 8.718118
721 3.831433
722 2.320818
723 7.747953
724 6.821460
725 8.257610
726 3.364753
727 8.025999
728 4.041264
729 3.640897
730 3.647675
731 8.122841
732 7.340366
733 6.509094
734 5.391221
735 8.429309
736 5.638090
737 8.132930
738 5.964053
739 5.525622
740 6.121851
741 4.940810
742 7.781797
743 6.381250
744 4.336961
745 8.536131
746 5.576306
747 6.635343
748 8.568795
749 7.110786
750 3.077132
751 8.725045
752 7.130523
753 5.208393
754 3.358726
755 8.019728
756 7.087023
757 6.573458
758 8.509130
759 7.992270
760 3.505091
761 5.024887
762 4.486382
763 7.762709
764 1.648068
765 6.794193
766 7.858699
767 8.427219
768 5.263898
769 8.156092
770 2.993521
771 8.280256
772 3.213500
773 5.672766
774 8.036226
775 3.484725
776 4.309218
777 7.648690
778 7.636947
779 7.206453
780 7.497321
781 6.630285
782 4.516163
783 5.291633
784 3.835286
785 8.578141
786 6.874208
787 5.698155
788 6.117391
789 8.759563
790 3.524410
791 6.890908
792 6.401327
793 7.037599
794 1.211167
795 8.404882
796 8.689165
797 6.765781
798 7.511905
799 8.644215
800 7.568773
801 3.515062
802 6.832229
803 7.010272
804 5.861278
805 7.723470
806 8.699640
807 8.658582
808 6.043012
809 3.028578
810 8.931525
811 8.243224
812 3.177684
813 8.636446
814 8.394141
815 6.482737
816 6.920499
817 5.684999
818 2.106108
819 5.210660
820 8.064188
821 0.612531
822 5.197445
823 5.679055
824 6.597654
825 8.631819
826 5.296605
827 5.301246
828 7.729010
829 6.052244
830 4.265324
831 6.053726
832 3.377783
833 3.779861
834 6.353565
835 5.825201
836 8.608282
837 5.417924
838 6.857671
839 7.156354
840 1.029879
841 7.331202
842 3.797488
843 8.823077
844 3.470113
845 5.795218
846 2.629320
847 8.985923
848 6.377915
849 6.944508
850 2.330921
851 7.794023
852 4.123391
853 8.528915
854 4.076311
855 3.930102
856 1.720617
857 6.183642
858 6.764032
859 2.307033
860 7.925764
861 6.059406
862 6.517332
863 5.975097
864 5.697526
865 6.732820
866 3.546048
867 3.838773
868 8.354917
869 8.754162
870 5.498914
871 4.682982
872 7.222462
873 5.753909
874 1.433979
875 3.556453
876 7.615363
877 7.305672
878 1.481477
879 4.240253
880 4.326322
881 7.377216
882 1.263548
883 2.903928
884 8.049423
885 3.802909
886 7.271343
887 4.392358
888 2.838090
889 4.438124
890 7.648766
891 8.325348
892 8.200476
893 5.672025
894 7.356283
895 4.074767
896 4.872881
897 8.520751
898 1.026234
899 2.631766
900 4.103509
901 1.465984
902 3.833571
903 6.872144
904 5.842550
905 8.503318
906 8.137133
907 5.261863
908 4.584026
909 5.545727
910 6.914759
911 4.659738
912 7.110279
913 5.758676
914 6.686989
915 5.943589
916 4.883823
917 8.764971
918 7.864609
919 3.368853
920 8.387247
921 6.283465
922 8.512269
923 8.049116
924 5.868756
925 1.349079
926 4.665069
927 6.623622
928 7.163221
929 4.570438
930 3.359738
931 8.223707
932 8.929534
933 6.525405
934 3.729078
935 4.696477
936 1.220510
937 8.605708
938 3.088339
939 6.833581
940 4.711526
941 6.699882
942 7.263956
943 8.198115
944 4.089025
945 0.943749
946 3.329825
947 8.538238
948 8.413388
949 6.956325
950 6.974372
951 7.339480
952 3.768962
953 8.606240
954 5.824123
955 5.570837
956 6.483235
957 1.950447
958 3.670007
959 7.731799
960 2.589728
961 6.989658
962 4.457945
963 5.615420
964 4.835720
965 5.367447
966 7.631692
967 4.905799
968 6.773387
969 6.209677
970 7.331941
971 8.711097
972 7.703138
973 4.172550
974 1.589287
975 4.609055
976 6.942716
977 2.040953
978 6.340794
979 6.953004
980 5.203245
981 7.902145
982 2.938445
983 2.467014
984 7.680058
985 6.335203
986 7.467302
987 5.934730
988 4.467501
989 8.145384
990 8.046905
991 7.501361
992 4.695078
993 6.914382
994 5.407299
995 2.723628
996 8.619884
997 3.329010
998 8.773211
999 6.010530
1000 3.872437
1001 6.625253
1002 8.408841
1003 7.701313
1004 8.082787
1005 7.304892
1006 7.488284
1007 8.293663
1008 4.497011
1009 6.296302
1010 4.232962
1011 8.944334
1012 8.744644
1013 1.787057
1014 7.559867
1015 8.657085
1016 3.824474
1017 6.782593
1018 8.611304
1019 1.658199
1020 7.516052
1021 4.907675
1022 8.653097
1023 8.868806
1024 8.745604
1025 6.197689
1026 8.356163
1027 8.270943
1028 5.084008
1029 8.194032
1030 1.731363
1031 6.949666
1032 4.316331
1033 3.125047
1034 2.496640
1035 7.509953
1036 5.246892
1037 7.661991
1038 2.300840
1039 5.053565
1040 6.610506
1041 8.003035
1042 5.081235
1043 7.120197
1044 8.471375
1045 7.062926
1046 4.343929
1047 1.405867
1048 8.395118
1049 1.312563
1050 8.417294
1051 6.545526
1052 8.721495
1053 8.043721
1054 8.990699
1055 5.329883
1056 7.883036
1057 5.705822
1058 6.234575
1059 7.129372
1060 8.412363
1061 8.928088
1062 7.888609
1063 5.817139
1064 5.842082
1065 7.729435
1066 4.397835
1067 2.991388
1068 5.359514
1069 4.823521
1070 4.899077
1071 4.349969
1072 1.846496
1073 1.203241
1074 8.944580
1075 5.886393
1076 5.579468
1077 7.419665
1078 4.204589
1079 8.771936
1080 7.980849
1081 2.691151
1082 5.815844
1083 8.438518
1084 8.747759
1085 6.153009
1086 7.048853
1087 3.678281
1088 8.960171
1089 4.331906
1090 8.738494
1091 7.254059
1092 7.016173
1093 6.444204
1094 4.322529
1095 3.781372
1096 4.226036
1097 3.886065
1098 7.946467
1099 5.325424
1100 2.164545
1101 8.859871
1102 8.460890
1103 8.668791
1104 8.977056
1105 3.753067
1106 5.665298
1107 7.836920
1108 7.508507
1109 3.530661
1110 8.129113
1111 4.263764
1112 4.257843
1113 6.595068
1114 6.930233
1115 6.854705
1116 2.722211
1117 8.430559
1118 4.638276
1119 3.238936
1120 8.484609
1121 8.798169
1122 8.356574
1123 8.097580
1124 7.285232
1125 6.679779
1126 2.654417
1127 5.751931
1128 5.494340
1129 4.586944
1130 7.654870
1131 6.337660
1132 2.562176
1133 4.223131
1134 7.439352
1135 2.483264
1136 8.303479
1137 6.332998
1138 6.239192
1139 6.927123
1140 8.173075
1141 5.307782
1142 7.410756
1143 6.769364
1144 4.650730
1145 8.436174
1146 8.036884
1147 7.303054
1148 8.300429
1149 8.381577
1150 7.574787
1151 8.233959
1152 7.516328
1153 7.422358
1154 7.078667
1155 7.808332
1156 3.584273
1157 8.446924
1158 8.403531
1159 1.539165
1160 8.178701
1161 3.230860
1162 5.210051
1163 7.760423
1164 3.608539
1165 8.139738
1166 8.209925
1167 6.411309
1168 0.719205
1169 4.821835
1170 7.069023
1171 8.914936
1172 7.153803
1173 4.587384
1174 7.166203
1175 6.613533
1176 7.947797
1177 2.943711
1178 7.851322
1179 6.621374
1180 8.831894
1181 5.262285
1182 7.158378
1183 8.688744
1184 2.881543
1185 8.712951
1186 7.464499
1187 2.344099
1188 4.937413
1189 7.573767
1190 2.335679
1191 6.867009
1192 5.293064
1193 7.091837
1194 1.924865
1195 8.402052
1196 8.879899
1197 8.858843
1198 7.792419
1199 3.246072
1200 7.837048
1201 1.411219
1202 1.338659
1203 5.119807
1204 6.291272
1205 7.899557
1206 7.439551
1207 6.009835
1208 4.707840
1209 8.987051
1210 5.875431
1211 6.046681
1212 3.640540
1213 8.023688
1214 7.495883
1215 4.228751
1216 2.583189
1217 7.424314
1218 7.281168
1219 4.704681
1220 8.776101
1221 3.497955
1222 5.917695
1223 8.742591
1224 5.830773
1225 7.191704
1226 5.674958
1227 4.712901
1228 8.927608
1229 5.758129
1230 8.510114
1231 4.315822
1232 4.154694
1233 1.588037
1234 7.265330
1235 5.463573
1236 8.367378
1237 6.191123
1238 8.855714
1239 3.876541
1240 8.387996
1241 7.931226
1242 7.902194
1243 8.272088
1244 7.851302
1245 7.122068
1246 3.260496
1247 1.623151
1248 8.636474
1249 7.067438
1250 8.032404
1251 6.245263
1252 3.082525
1253 3.184344
1254 7.451898
1255 5.903793
1256 4.030199
1257 6.310242
1258 2.280553
1259 6.865835
1260 4.667812
1261 8.037555
1262 5.013913
1263 6.072300
1264 0.970187
1265 2.422436
1266 5.638438
1267 6.234986
1268 6.971489
1269 4.860521
1270 7.502902
1271 8.346851
1272 7.947825
1273 1.791403
1274 6.238675
1275 2.915364
1276 4.427826
1277 8.939780
1278 3.397372
1279 6.356881
1280 7.076059
1281 7.543187
1282 6.732870
1283 0.889628
1284 5.142311
1285 6.475696
1286 2.667806
1287 5.329238
1288 1.639955
1289 2.522867
1290 5.670166
1291 3.278716
1292 6.780178
1293 7.473062
1294 8.052796
1295 4.026434
1296 3.683217
1297 2.910326
1298 7.179892
1299 7.564690
1300 1.599524
1301 8.708226
1302 2.051749
1303 6.621556
1304 7.578516
1305 8.399315
1306 7.605330
1307 8.058534
1308 5.243612
1309 8.124090
1310 2.547411
1311 8.513527
1312 6.659954
1313 8.136407
1314 6.052915
1315 7.220096
1316 6.529825
1317 7.697971
1318 2.571387
1319 2.211000
1320 4.473853
1321 3.594874
1322 8.403242
1323 4.213826
1324 8.890730
1325 5.223845
1326 3.840775
1327 7.997848
1328 7.304473
1329 6.352468
1330 6.707045
1331 7.632519
1332 4.301725
1333 8.983487
1334 8.885845
1335 7.257850
1336 4.020316
1337 7.422836
1338 2.418279
1339 1.575707
1340 4.568623
1341 6.121475
1342 8.386303
1343 7.674679
1344 7.756238
1345 5.870687
1346 5.293461
1347 5.482166
1348 8.944250
1349 1.802455
1350 8.380307
1351 6.846365
1352 5.960524
1353 7.664585
1354 6.278550
1355 8.411140
1356 8.541478
1357 5.844604
1358 4.735298
1359 6.926787
1360 8.596594
1361 4.130816
1362 7.103541
1363 7.152369
1364 7.705982
1365 3.264503
1366 7.614580
1367 8.580888
1368 3.815014
1369 4.386457
1370 8.870344
1371 3.828725
1372 8.318966
1373 6.314626
1374 4.475010
1375 8.398258
1376 6.005808
1377 6.457570
1378 5.394247
1379 6.930297
1380 3.639428
1381 5.628286
1382 8.861286
1383 4.572615
1384 7.293536
1385 5.132289
1386 7.915259
1387 3.255882
1388 8.863154
1389 6.062751
1390 4.372652
1391 2.439926
1392 3.708152
1393 6.488581
1394 5.224678
1395 8.193873
1396 5.907782
1397 4.488414
1398 7.070272
1399 7.566304
1400 3.678368
1401 3.684719
1402 1.723481
1403 7.723248
1404 7.332678
1405 6.200411
1406 8.269087
1407 8.078322
1408 6.885761
1409 8.386297
1410 4.083275
1411 3.010895
1412 4.674368
1413 2.150357
1414 6.559324
1415 8.710055
1416 1.785169
1417 3.144981
1418 6.052117
1419 8.697349
1420 5.060498
1421 6.409838
1422 1.835048
1423 3.466381
1424 8.939633
1425 8.841641
1426 0.632565
1427 8.780476
1428 7.195048
1429 8.384592
1430 6.069096
1431 6.462451
1432 6.292581
1433 7.349558
1434 3.363295
1435 1.558159
1436 4.994229
1437 7.555074
1438 4.043529
1439 7.385664
1440 8.863570
1441 2.757890
1442 7.381109
1443 5.995312
1444 8.385674
1445 3.788025
1446 7.490174
1447 8.239377
1448 8.747214
1449 7.439294
1450 6.345956
1451 7.074293
1452 8.389357
1453 6.798484
1454 1.568870
1455 8.683711
1456 7.473397
1457 7.402539
1458 4.179676
1459 7.305458
1460 5.648276
1461 7.262911
1462 2.938373
1463 7.299690
1464 8.997361
1465 1.976152
1466 8.896691
1467 5.741040
1468 8.398275
1469 7.960730
1470 6.777043
1471 7.733976
1472 8.435624
1473 5.721483
1474 5.146813
1475 7.353575
1476 8.089223
1477 7.857805
1478 8.038837
1479 5.939886
1480 8.139077
1481 3.120406
1482 6.641055
1483 0.682973
1484 5.127519
1485 5.448246
1486 5.664803
1487 7.505521
1488 5.610099
1489 6.028614
1490 4.386465
1491 5.498490
1492 4.290552
1493 2.434927
1494 6.991376
1495 7.356986
1496 7.083694
1497 6.127236
1498 5.546409
1499 8.362417
1500 6.484260
1501 6.230067
1502 1.441183
1503 5.257478
1504 5.549400
1505 5.683718
1506 6.855214
1507 6.574329
1508 7.017144
1509 7.871184
1510 8.114915
1511 7.626793
1512 8.797580
1513 1.215253
1514 3.982213
1515 0.782683
1516 7.241923
1517 8.528803
1518 4.440953
1519 8.665437
1520 2.209448
1521 8.699961
1522 5.336800
1523 2.866197
1524 6.273405
1525 4.560581
1526 4.803614
1527 4.989037
1528 8.065054
1529 6.608484
1530 5.021546
1531 7.031148
1532 7.616312
1533 4.699207
1534 5.787701
1535 3.142097
1536 3.830548
1537 7.427688
1538 3.833602
1539 6.522134
1540 7.578440
1541 2.942283
1542 6.778812
1543 4.558682
1544 8.831595
1545 6.258370
1546 8.079938
1547 6.675953
1548 1.875211
1549 7.161373
1550 8.778592
1551 6.980728
1552 8.145815
1553 8.462903
1554 4.298193
1555 4.144349
1556 7.034875
1557 5.770035
1558 8.247955
1559 8.538259
1560 5.350433
1561 4.380241
1562 7.951262
1563 4.717975
1564 8.162828
1565 5.858566
1566 7.353335
1567 2.781791
1568 7.108629
1569 6.049230
1570 6.893133
1571 3.689058
1572 7.725722
1573 8.359818
1574 4.189979
1575 2.784399
1576 1.383736
1577 7.211081
1578 7.012462
1579 6.654509
1580 4.334480
1581 5.627023
1582 6.939206
1583 6.343352
1584 8.944866
1585 3.324398
1586 7.503780
1587 5.722746
1588 5.889327
1589 7.624003
1590 7.489147
1591 8.960566
1592 3.224893
1593 2.903942
1594 7.659729
1595 6.844658
1596 4.712432
1597 2.536330
1598 2.634069
1599 8.510550
1600 3.942240
1601 5.117919
1602 4.284760
1603 5.362341
1604 2.371356
1605 6.484122
1606 2.340217
1607 8.051638
1608 4.350940
1609 6.613695
1610 8.443128
1611 7.260927
1612 6.570356
1613 5.125528
1614 5.193569
1615 7.363996
1616 8.973588
1617 7.321815
1618 6.721641
1619 7.693029
1620 6.138538
1621 2.207154
1622 6.748781
1623 8.807250
1624 3.768227
1625 7.475988
1626 4.034306
1627 6.588023
1628 2.798355
1629 6.039871
1630 7.826189
1631 5.305968
1632 7.338791
1633 8.026920
1634 8.666107
1635 4.359588
1636 5.687230
1637 3.513644
1638 8.966112
1639 8.665280
1640 6.613360
1641 8.258613
1642 6.495968
1643 7.107070
1644 2.686834
1645 7.821567
1646 3.216332
1647 8.179944
1648 7.958912
1649 7.576828
1650 1.711429
1651 4.955138
1652 4.616505
1653 5.401023
1654 2.664407
1655 8.711692
1656 6.697610
1657 4.974683
1658 5.670582
1659 6.018588
1660 6.974822
1661 6.462974
1662 8.629644
1663 6.344607
1664 8.964642
1665 8.304542
1666 4.109666
1667 8.682063
1668 3.070127
1669 8.137163
1670 5.552521
1671 8.433026
1672 8.385260
1673 8.079601
1674 7.999529
1675 4.967797
1676 2.560168
1677 5.713265
1678 3.749065
1679 7.502735
1680 5.294722
1681 8.889568
1682 7.205466
1683 8.162164
1684 3.276354
1685 8.356026
1686 8.645423
1687 6.281084
1688 7.007602
1689 7.870806
1690 3.763234
1691 6.380271
1692 5.682579
1693 3.443297
1694 5.456216
1695 2.349884
1696 1.445948
1697 3.308847
1698 8.832459
1699 6.671723
1700 8.844863
1701 5.918811
1702 5.025645
1703 6.402928
1704 5.966611
1705 2.925549
1706 7.204647
1707 4.183192
1708 7.084252
1709 7.257154
1710 3.509133
1711 2.229197
1712 7.952464
1713 6.102773
1714 2.170545
1715 8.976869
1716 2.163383
1717 7.503190
1718 8.926253
1719 4.401544
1720 3.394436
1721 3.135631
1722 4.956338
1723 2.860893
1724 7.487661
1725 2.246249
1726 6.423643
1727 8.985124
1728 8.119827
1729 7.059233
1730 4.980617
1731 7.108837
1732 6.533786
1733 5.874756
1734 3.253850
1735 8.474370
1736 6.035939
1737 3.970444
1738 5.457885
1739 5.791762
1740 8.187220
1741 7.708616
1742 7.893902
1743 0.945268
1744 5.805900
1745 6.244107
1746 1.246826
1747 4.587469
1748 7.847514
1749 3.332549
1750 6.584840
1751 4.175087
1752 0.990850
1753 4.420104
1754 8.890769
1755 8.057574
1756 8.816218
1757 6.286189
1758 2.981381
1759 6.662186
1760 6.066677
1761 8.270001
1762 2.818632
1763 6.288683
1764 3.486250
1765 5.128231
1766 7.728255
1767 6.209466
1768 5.517876
1769 5.652661
1770 6.100425
1771 7.974104
1772 8.500521
1773 8.796710
1774 7.983682
1775 5.054499
1776 7.465850
1777 5.953642
1778 4.541841
1779 8.252915
1780 1.764238
1781 8.546503
1782 6.113892
1783 7.184241
1784 7.308055
1785 8.514960
1786 7.181243
1787 7.051852
1788 2.323535
1789 6.480050
1790 3.487648
1791 7.728657
1792 6.441271
1793 7.422833
1794 1.837255
1795 2.620716
1796 7.617230
1797 2.416367
1798 2.402456
1799 0.990347
1800 8.802080
1801 7.729048
1802 5.349146
1803 4.900957
1804 5.322214
1805 7.921296
1806 7.319223
1807 3.873092
1808 3.755377
1809 2.823127
1810 7.313311
1811 7.868557
1812 4.633439
1813 1.302514
1814 2.579904
1815 8.854189
1816 4.891935
1817 7.893483
1818 7.113209
1819 5.562114
1820 4.081748
1821 3.135650
1822 7.058049
1823 7.921195
1824 7.221928
1825 6.553966
1826 1.843380
1827 8.857064
1828 8.043373
1829 4.870173
1830 8.909411
1831 6.982293
1832 6.868496
1833 7.784210
1834 8.108844
1835 7.292103
1836 3.221142
1837 5.234469
1838 8.670339
1839 4.265427
1840 5.490494
1841 5.915930
1842 5.965887
1843 7.046141
1844 8.740088
1845 4.415440
1846 3.137134
1847 3.999389
1848 8.475902
1849 7.232612
1850 4.812323
1851 8.129680
1852 8.352902
1853 8.280559
1854 8.627459
1855 4.520124
1856 7.820383
1857 6.107675
1858 8.258443
1859 7.681650
1860 7.930463
1861 7.290344
1862 3.791007
1863 6.644334
1864 8.930747
1865 8.713692
1866 1.870046
1867 3.653765
1868 3.266501
1869 7.668401
1870 8.138834
1871 4.158656
1872 6.401099
1873 8.252087
1874 7.704345
1875 6.627308
1876 6.915068
1877 6.416947
1878 4.909320
1879 6.765115
1880 7.469920
1881 8.410657
1882 7.179109
1883 7.851805
1884 3.600806
1885 6.114422
1886 0.869403
1887 4.470010
1888 7.670945
1889 8.963069
1890 2.834330
1891 5.702722
1892 8.050202
1893 4.065327
1894 6.705362
1895 7.705762
1896 7.063627
1897 3.902564
1898 5.365273
1899 7.967881
1900 6.700175
1901 0.650845
1902 7.851131
1903 1.691218
1904 7.772029
1905 4.049806
1906 8.809311
1907 5.459231
1908 5.146014
1909 3.472741
1910 4.975333
1911 8.426667
1912 8.983489
1913 5.461966
1914 6.028056
1915 7.647728
1916 8.472417
1917 6.930843
1918 5.631481
1919 5.781208
1920 7.506335
1921 0.510568
1922 7.084260
1923 5.366091
1924 8.020597
1925 2.744493
1926 6.902491
1927 6.241699
1928 7.213069
1929 2.291973
1930 6.854100
1931 6.743905
1932 6.738952
1933 6.991602
1934 7.402290
1935 8.074906
1936 4.674984
1937 8.174901
1938 6.352851
1939 2.498344
1940 2.177757
1941 5.203201
1942 7.973497
1943 7.571140
1944 7.992360
1945 6.472928
1946 5.971274
1947 3.455959
1948 5.155930
1949 5.929213
1950 2.678924
1951 4.227241
1952 6.961052
1953 7.719373
1954 8.992561
1955 8.693801
1956 7.214415
1957 5.841326
1958 7.178465
1959 7.977329
1960 3.096002
1961 5.762143
1962 8.247665
1963 5.575883
1964 6.806001
1965 6.899951
1966 3.865563
1967 5.416740
1968 5.205326
1969 1.456686
1970 1.399833
1971 8.207768
1972 4.703056
1973 6.477992
1974 4.919021
1975 8.728976
1976 4.582907
1977 5.899339
1978 8.407803
1979 8.258124
1980 3.882553
1981 8.063133
1982 6.092055
1983 6.254637
1984 3.288142
1985 2.555137
1986 7.678742
1987 6.341400
1988 5.948521
1989 7.687013
1990 7.874423
1991 3.587696
1992 7.030522
1993 3.311145
1994 7.801371
1995 7.294749
1996 8.802601
1997 2.363387
1998 2.149752
1999 4.780916
